1 0.09394905314315313 0.31365567154932783 0.18789810628630627 0.5883136569013444
1 0.2616651302742396 0.26155229928771945 0.28694795988201627 0.4655413981258557
1 0.5971616745260526 0.34145641112448655 0.6213016509478948 0.6829128222489731
1 0.8447536503332316 0.47318218877110063 0.2888058664159914 0.5389334340192331
1 0.1098201480569199 0.41770667405661027 0.2196402961138398 0.2833366518867795
1 0.2710164356937043 0.6303106594751339 0.317286123240417 0.413371144364932
1 0.3992248647678709 0.7420484783588946 0.329820356491194 0.38096782132453627
1 0.7373562574481073 0.8024270710618389 0.29286401199171214 0.3580471468722145
1 0.8331032510379665 0.8238270464512325 0.20623299917143073 0.30715458511458993
1 0.5236147810217557 0.9022692613492781 0.31538105913900905 0.17145642900466812
1 0.27710365405728515 0.9016400901956617 0.2766824321745385 0.17813232633910125
1 0.17563343093619338 0.8053908789920328 0.35126686187238676 0.3454682420159344