1 0.6211120398906953 0.9231895151102018 0.5762014369297223 0.13543532713052392
1 0.7006326196784729 0.7457571854058884 0.4390664192622918 0.21420152164110534
1 0.6820510668215453 0.39897311361913373 0.6358978663569095 0.5170323196086766
1 0.5777275693385417 0.1124819649645525 0.5085801386770836 0.224963929929105
1 0.522401129746459 0.8807185217741195 0.25174825721819455 0.21655832884638357
1 0.34056532902527836 0.6592934658224824 0.37911084422416685 0.2546159214828208
1 0.24950130508958374 0.5087144557933525 0.34211999050069464 0.27539978292387646
1 0.20372767809600706 0.1543368443522968 0.39571646276527794 0.23011602665567027
1 0.18977232123840285 0.06397157178675464 0.3670446424768057 0.12794314357350928
1 0.08863327422003502 0.34843984850893195 0.16762913677722246 0.2921828029821361
1 0.077973103626563 0.59579222162847 0.13398018218006963 0.25529055674305995
1 0.15023322938586872 0.7781895329903834 0.273990852392292 0.4342459340192331