1 0.7657448163777195 0.11248532269968632 0.4683648180303493 0.22497064539937264
1 0.7222409112914863 0.23948207641211944 0.5478040690638067 0.3249748124461497
1 0.6755541941707597 0.4201735402095701 0.5938443151348652 0.3408634328594585
1 0.6121508579434453 0.6243934075978169 0.618882856491194 0.37537478824565296
1 0.5473305709303427 0.8254973653451433 0.6034376389561829 0.34560547501393624
1 0.5393296722542502 0.9302030460633025 0.5749358416039978 0.1361213907049809
1 0.32284884098482536 0.11306308138208918 0.5168023180303493 0.22612616276417835
1 0.2576326017381923 0.25390066305876596 0.4926799214211715 0.315281649878363
1 0.21972168693204938 0.4408693979334554 0.43944337386409876 0.2995112041330891
1 0.1809074358985921 0.643413135833207 0.3618148717971842 0.3225487283335859
1 0.16509403722249966 0.8317580183467644 0.3301880744449993 0.28023396330647116