1 0.35808455327194827 0.9335488440085905 0.5445378616727176 0.13290231198281893
1 0.35327898954551457 0.8404255526734541 0.5880517342198501 0.3191488946530917
1 0.33341611159835555 0.6604407973822249 0.5938215731551548 0.35362027474536006
1 0.3040906393158655 0.45368172004295254 0.608181278631731 0.38828617608208715
1 0.2822249095818206 0.24704991203849822 0.5644498191636412 0.35972482407699646
1 0.2453125 0.11613571936663483 0.490625 0.23227143873326966
1 0.76418199745418 0.8116162301081769 0.41917440022746144 0.3219146467218156
1 0.7633237874917985 0.6216724827736769 0.4364255672236558 0.3236771413908155
1 0.75305874403132 0.4324008974379042 0.47172639726171184 0.3084703120623608
1 0.7271196210270767 0.2249696580999045 0.4633064022046277 0.3317987240610881
1 0.6737147312169197 0.09694410809195032 0.47132053756616055 0.18352485606299712