3 0.10410547849293983 0.872176752895484 0.20821095698587966 0.19939649420903188
3 0.9050402816566251 0.07947971484892415 0.18882849512873606 0.1589594296978483
3 0.9820862025183577 0.2641626983090981 0.02628185633066593 0.07460189371369372
3 0.831734231742646 0.7832488002521782 0.2626478246740408 0.1995805847795724
3 0.14096809902706534 0.15893835235736486 0.25556380194586936 0.31787670471472973
3 0.4657916319048018 0.7737519456185018 0.4939796452908919 0.2150387266312393
3 0.6425023620192994 0.8912005031048811 0.22723643019392786 0.1386045434232436
3 0.12176808563438471 0.4824592814315314 0.24353617126876942 0.24758143713693723
3 0.7238746875041191 0.567358434660247 0.21195016964062105 0.33616874813797326
3 0.746456619726642 0.34695388937497673 0.17810918344033871 0.18627575599585597
3 0.727460752435632 0.06579718538186345 0.3010830332781829 0.1315943707637269
3 0.5652471245946106 0.055635608148333106 0.2101307508107789 0.11127121629666621
3 0.8547916765470704 0.669766343056249 0.1622932686676865 0.17461050992479735
3 0.18227397403200826 0.872044012201109 0.3372932686676864 0.18276126592065367
3 0.052012918833137446 0.7004687268406362 0.10402583766627489 0.2615625463187275
3 0.8904216647792429 0.9093168405750497 0.10637845941492116 0.1017508986760923
3 0.33996769724664705 0.9162198895798646 0.2992205243497292 0.14820217535011296
3 0.12430493019722315 0.3470483203066609 0.24784893912238162 0.15673811331561965
3 0.4259065661559195 0.46492490922457164 0.4193342012972462 0.2318580454901582
3 0.20651918669004493 0.5964254280407093 0.41303837338008986 0.21964914391858148
3 0.8948008421305017 0.5242697524857085 0.19436147483619665 0.2229410020669146