3 0.91875 0.871875 0.1625 0.25625
3 0.071875 0.1109375 0.14375 0.221875
3 0.259375 0.021875 0.06875 0.04375
3 0.784375 0.121875 0.1625 0.24375
3 0.1890625 0.890625 0.315625 0.21875
3 0.796875 0.4890625 0.14375 0.478125
3 0.903125 0.2984375 0.10625 0.215625
3 0.528125 0.8796875 0.2125 0.240625
3 0.5765625 0.25625 0.309375 0.175
3 0.35625 0.2609375 0.1625 0.159375
3 0.0609375 0.315625 0.121875 0.2875
3 0.059375 0.4796875 0.11875 0.196875
3 0.6703125 0.1125 0.153125 0.14375
3 0.9109375 0.7609375 0.134375 0.321875
3 0.75 0.9375 0.24375 0.125
3 0.93125 0.0453125 0.1375 0.090625
3 0.946875 0.596875 0.10625 0.2875
3 0.3921875 0.8828125 0.121875 0.234375
3 0.4921875 0.5671875 0.171875 0.4
3 0.6375 0.7859375 0.15625 0.428125
3 0.5234375 0.0875 0.196875 0.175