3 0.8372841411992408 0.900201222077152 0.26401233887551356 0.16541202013597242
3 0.11674957930860204 0.06867726481763889 0.22900084138279592 0.13735452963527778
3 0.021070360616379333 0.2501811847455208 0.042140721232758666 0.06980466014423614
3 0.11021946832976479 0.774543445479097 0.22043893665952957 0.1727881090418059
3 0.8857232366721648 0.1745647892314923 0.22646217775102712 0.3238050951740974
3 0.4604070556224326 0.7856192305296177 0.48566001834240013 0.1627637180836116
3 0.265241656638647 0.8924361942448261 0.22036998746358769 0.11443009517409734
3 0.8625990075883545 0.513155163756527 0.2500695108205527 0.22286084422416685
3 0.23802490492278733 0.5667283326375692 0.18878032132453626 0.31668227298576407
3 0.25302909395658546 0.34621581088607617 0.16731919530200426 0.16940722948277784
3 0.3209058818950268 0.05808329730270826 0.29256323620994645 0.11616659460541652
3 0.48496838189502683 0.05564666869361094 0.20193823620994636 0.11129333738722189
3 0.09007548673867186 0.660735518617361 0.1514214106622681 0.15966855357097245
3 0.7272642835191089 0.8980776372553813 0.32752926959604134 0.14815309137437538
3 0.9107624082879997 0.7361010480652075 0.13682536473976087 0.24833101006798622
3 0.029775798892008053 0.921674325038125 0.05955159778401611 0.14102634992375015
3 0.5607527334399667 0.9324013519205202 0.292199523356965 0.1145405043684029
3 0.8711964207579049 0.37867106098298536 0.23805759263643722 0.13201763867708358
3 0.5528208423072327 0.4805485644014579 0.40830790815498563 0.18750783852458372
3 0.7649080021780781 0.6239491530229507 0.4360237311953815 0.1740999551658337
3 0.08223452381918342 0.5135702310982986 0.16446904763836684 0.20410953780340294