2 0.13374502822296835 0.58515625 0.2674900564459367 0.8296875
2 0.17133424202581565 0.6212918238352897 0.27813502303512677 0.7574163523294206
2 0.2668377149839737 0.6179930834462282 0.30351696895144276 0.7640138331075438
2 0.33452372278852194 0.6511641095655099 0.23263898456053936 0.6976717808689802
2 0.42945676607243277 0.5958148682719372 0.35375507112836113 0.8083702634561256
2 0.5443005160724328 0.6052142017181652 0.28267867929572893 0.7895715965636695
2 0.5959547853097265 0.5893352351871076 0.25526300742603014 0.8213295296257848
2 0.6438640064537859 0.6321949821906607 0.23959831269084048 0.7356100356186787
2 0.7132340545470202 0.5766453821782888 0.27412213483069187 0.8378562833553712
2 0.7937846501005165 0.578518820667471 0.28267867929572893 0.8149101062861496
2 0.8472395215147284 0.5046176532091879 0.29614595697054324 0.932588929216928
2 0.8676884307705555 0.5017759362258747 0.2646231384588891 0.9231386861143329
2 0.8983754355798789 0.4971227357509048 0.2032491288402422 0.9074450870642726