2 0.1374480248492253 0.8096383508590825 0.19341272721932726 0.22380707146044046
2 0.23514396958441494 0.9052175237444325 0.24662700725639422 0.18448562188998174
2 0.37228432711881077 0.7681380048612401 0.22691470798203356 0.20060858887329508
2 0.294124577666965 0.5620683893028364 0.3005555938242157 0.29960601085413396
2 0.11729669363888132 0.5005532779283042 0.21047623084752431 0.31048155585660825
2 0.16389884201011723 0.2495540219354103 0.25295141832631984 0.231606283355371
2 0.9197346358421822 0.1433393164835995 0.12033732576804823 0.18566526232447184
2 0.9300967608845913 0.3060849779489887 0.13427085099579195 0.1380466338757694
2 0.8179886304847045 0.33374190920208174 0.20321925843752026 0.10266905585660827
2 0.71402283838192 0.19260457485134247 0.24804566351699647 0.22511062188998174
2 0.7643006021769183 0.09152343170331892 0.25047620435383655 0.11606317051050082
2 0.42065976269868977 0.32227662822155984 0.20356648801910052 0.1572746687014785
2 0.543921158707673 0.23437823778706973 0.2435020072563942 0.18432184757972223
2 0.5302802662420688 0.08939660843385613 0.21056053248413759 0.13424660447712725
2 0.364667679126093 0.17039654567984294 0.19079366950744614 0.14880707146044045
2 0.34317957032575286 0.06867359339585077 0.16571925843752053 0.1007037641334942