2 0.7947023940730757 0.23359375 0.4081547881461516 0.4671875
2 0.6500580957773592 0.271875 0.4782411915547183 0.54375
2 0.4043461753226639 0.29375 0.4368173506453278 0.5875
2 0.19335017410484792 0.33515625 0.3854457654179802 0.5984375
2 0.22026723011120236 0.35546875 0.43960715989809307 0.6578125
2 0.8636608997551187 0.675 0.27267820048976255 0.546875
2 0.7480020868456101 0.7359375 0.3852082118472577 0.4953125
2 0.5582225665530707 0.784375 0.24971499675029385 0.43125
2 0.4286577974783472 0.79140625 0.29321953489974073 0.4171875
2 0.33181007101729754 0.79296875 0.35878998782184 0.4140625
2 0.19393792410155264 0.81640625 0.31578428165332995 0.3671875
2 0.15214589041633259 0.8390625 0.22124334902377005 0.321875
2 0.5 0.5 1 1