2 0.49888188583320703 0.6718140612177947 0.9977637716664141 0.6563718775644105
2 0.08920690398357964 0.6939635642207254 0.17841380796715928 0.42769787155854927
2 0.4990091508603217 0.6499390612177948 0.9980183017206434 0.7001218775644105
2 0.275046350809008 0.9206030241831067 0.4398533612399268 0.15382792593062397
2 0.019308536202549364 0.2859229125475701 0.03861707240509873 0.4219041749048598
2 0.059188647638867845 0.2811744041446131 0.11837729527773569 0.4439011917107738
2 0.14600634982704935 0.27757721885963 0.18244187880112417 0.480759204562355
2 0.24691486485416406 0.25159569760509176 0.18080665592848727 0.4681955375661607
2 0.3759029280858806 0.23778851283299077 0.210594149878363 0.47557702566598153
2 0.5070802052132437 0.25194320749092347 0.21396458957351266 0.5038864149818469
2 0.6265750937769251 0.2558693621298282 0.22497481244614975 0.5117387242596564
2 0.7452841871610669 0.260258431787761 0.20318162567786616 0.520516863575522
2 0.86895297043675 0.352847838403832 0.2620940591265001 0.705695676807664