2 0.76875 0.915625 0.2 0.16875
2 0.8671875 0.8296875 0.153125 0.228125
2 0.7359375 0.675 0.171875 0.20625
2 0.528125 0.728125 0.2625 0.26875
2 0.4609375 0.9046875 0.284375 0.190625
2 0.2125 0.8203125 0.2 0.228125
2 0.1328125 0.05 0.171875 0.1
2 0.2953125 0.059375 0.121875 0.11875
2 0.31875 0.175 0.075 0.19375
2 0.175 0.2625 0.19375 0.225
2 0.059375 0.196875 0.11875 0.2375
2 0.29375 0.571875 0.13125 0.1875
2 0.2109375 0.4375 0.153125 0.225
2 0.059375 0.4328125 0.11875 0.196875
2 0.140625 0.609375 0.125 0.175
2 0.0390625 0.61875 0.078125 0.15625