2 0.8764964959428102 0.1930485907860854 0.1960057954530477 0.2209863040260897
2 0.7811488141240293 0.10442134810626784 0.2484489569792892 0.1825419693666348
2 0.6410441911542717 0.25204014075426867 0.22840919236879245 0.19793061203054405
2 0.7148969281686283 0.45294011676476825 0.3035649253226641 0.29722263470717997
2 0.8883383823085435 0.4994985854550853 0.21159561363426677 0.30864993602799873
2 0.8401018851512128 0.7560207581158128 0.2555171631477993 0.22948969470081657
2 0.08170122971405111 0.9142806760025455 0.1233125892845374 0.17143864799490913
2 0.07428597037856029 0.7580494046785449 0.13518529788867956 0.13748291335136287
2 0.18665928531336845 0.7218493700270442 0.20328073295387145 0.10078289202736243
2 0.28904217127206466 0.8550987693745891 0.25072056899199796 0.2231851507001803
2 0.2365426883181933 0.9507454346753633 0.25174550649282174 0.0985091306492734
2 0.5839433883976236 0.7030299287475872 0.20423530681713337 0.15547039202736243
2 0.4595689054437521 0.8000401940642698 0.24532395697928902 0.18250560669954402
2 0.4695870133992711 0.9389368726925443 0.21158415665497757 0.12212625461491129
2 0.6376160389668164 0.8513407067552231 0.19159893912238157 0.14751244135899882
2 0.6577591692434698 0.9507109877068618 0.16575345941492117 0.09857802458627632