2 0.55703125 0.09810570189359395 0.8859375 0.1962114037871879
2 0.5973302481001389 0.17231327801112584 0.8053395037997222 0.14376221564416233
2 0.6006195554708335 0.2668308924725064 0.7987608890583331 0.1702974445669235
2 0.6353225170018404 0.3314791997522947 0.7293549659963192 0.10896905912649987
2 0.5897742808695488 0.4333098653451434 0.8204514382609025 0.21888039031219736
2 0.6028389583484204 0.548871232831586 0.7943220833031592 0.15155653492600313
2 0.5884137622521878 0.6021007719610016 0.8231724754956244 0.11888948067127707
2 0.6338447835287155 0.6455962419067723 0.7323104329425689 0.11835314948557958
2 0.5849991279435073 0.7209007689359395 0.8300017441129854 0.1376485710303566
2 0.5967912663362502 0.8013195219610015 0.8064174673274994 0.15155653492600293
2 0.5077203806963897 0.8659138079671592 0.9780548776591667 0.13692238406568152
2 0.5095199232494452 0.9096592627876194 0.972204921162153 0.15407352262936308
2 0.5057416130289591 0.9487490338648584 0.9694422906531945 0.10250193227028319