2 0.5098264586155702 0.6787861043053663 0.9803470827688596 0.6424277913892673
2 0.10008180291593216 0.5518840539777595 0.16429703188503303 0.424356892044481
2 0.5087209820213185 0.6576787175358911 0.9825580359573628 0.6846425649282176
2 0.22612083898483668 0.8679436562512357 0.37215604025277604 0.2203626874975285
2 0.09017569990914295 0.1701215852273476 0.13660139981828592 0.3402431704546952
2 0.14634049072774585 0.18310282629889388 0.1801809814554917 0.36620565259778776
2 0.24843193520982187 0.20733916720828435 0.20936387041964374 0.4146783344165687
2 0.3509394595200814 0.20956414042292315 0.20812891904016279 0.4191282808458463
2 0.47770335538163844 0.22734592979018609 0.23978171076327684 0.45469185958037217
2 0.602488671415012 0.2649609551558604 0.2467554070543752 0.5299219103117208
2 0.7184345759829962 0.29477179424182215 0.2608931501569701 0.5696614837646503
2 0.8328998677061105 0.3303080994373977 0.24049211894930594 0.5974046542193455
2 0.8860536866801599 0.45331317695410756 0.22789262663968018 0.8134114837646503