2 0.15159590746905172 0.7074425328744411 0.30319181493810343 0.5382399342511176
2 0.27284224716392147 0.700491329141563 0.43673553002847676 0.5902581761334428
2 0.5210070117744181 0.7117798364484589 0.3925491534052714 0.5644945170428333
2 0.7466246205407161 0.7172138100701347 0.35940937093786723 0.5451717727248762
2 0.7563678133165457 0.6959564188364327 0.4726457564895263 0.5893229675293007
2 0.1640625 0.2398301132305248 0.328125 0.4796602264610496
2 0.3391095442385269 0.21959370535773132 0.34990591152294626 0.43918741071546263
2 0.5376834119332786 0.2094629545469524 0.2152581761334428 0.4189259090939048
2 0.6679067000827256 0.2194526990684281 0.25928091152294624 0.4389053981368562
2 0.7645226014626972 0.2302285349046837 0.32674114691244965 0.4604570698093674
2 0.881601007306896 0.23297340341515724 0.23576159090609536 0.4414819366867496
2 0.928639648540598 0.22278019724664705 0.141357025971287 0.4023455243497292
2 0.5 0.5 1 1